38.2682 140.8694 102.1
38.2682 140.8694 102.1
38.2682 140.8694 102.1
38.2682 140.8694 102.1
38.2682 140.8694 102.1
38.2682 140.8694 102.1
38.2682 140.8694 102.1
38.2682 140.8694 102.1
38.2682 140.8694 102.1
38.2682 140.8694 102.1
38.2682 140.8694 102.1
38.2682 140.8694 102.1
38.2682 140.8694 102.1
38.2682 140.8694 102.1
38.2682 140.8694 102.1
38.2682 140.8694 102.1
38.2682 140.8694 102.1
38.2682 140.8694 102.1
38.2682 140.8694 102.1
38.2682 140.8694 102.1
38.2682 140.8694 102.1
38.2682 140.8694 102.1
38.2682 140.8694 102.1
38.2682 140.8694 102.1
38.2682 140.8694 102.1