37.527626810 139.937772399 202.1
37.527626810 139.937772399 202.1
37.527626810 139.937772399 202.1
37.527626810 139.937772399 202.1
37.527626810 139.937772399 202.1
37.527626810 139.937772399 202.1
37.527626810 139.937772399 202.1
37.527626810 139.937772399 202.1
37.527626810 139.937772399 202.1
37.527626810 139.937772399 202.1
37.527626810 139.937772399 202.1
37.527626810 139.937772399 202.1
37.527626810 139.937772399 202.1
37.527626810 139.937772399 202.1
37.527626810 139.937772399 202.1
37.527626810 139.937772399 202.1
37.527626810 139.937772399 202.1
37.527626810 139.937772399 202.1
37.527626810 139.937772399 202.1
37.527626810 139.937772399 202.1
37.527626810 139.937772399 202.1
37.527626810 139.937772399 202.1
37.527626810 139.937772399 202.1
37.527626810 139.937772399 202.1
37.527626810 139.937772399 202.1