35.6895 139.6917 40.0
35.6895 139.6917 40.0
35.6895 139.6917 40.0
35.6895 139.6917 40.0
35.6895 139.6917 40.0
35.6895 139.6917 40.0
35.6895 139.6917 40.0
35.6895 139.6917 40.0
35.6895 139.6917 40.0
35.6895 139.6917 40.0
35.6895 139.6917 40.0
35.6895 139.6917 40.0
35.6895 139.6917 40.0
35.6895 139.6917 40.0
35.6895 139.6917 40.0
35.6895 139.6917 40.0
35.6895 139.6917 40.0
35.6895 139.6917 40.0
35.6895 139.6917 40.0
35.6895 139.6917 40.0
35.6895 139.6917 40.0
35.6895 139.6917 40.0
35.6895 139.6917 40.0
35.6895 139.6917 40.0
35.6895 139.6917 40.0